image_width: 640
image_height: 480
camera_name: camera
camera_matrix:
   rows: 3
   cols: 3
   data: [ 505.0590676001461, 0.0, 298.00492309887466, 0.0, 505.4132151471707, 251.26893943667042, 0.0, 0.0, 1.0 ]
distortion_coefficients:
   rows: 1
   cols: 5
   data: [ 0.18441465558010364, -0.6962997620031933, -0.00539918455619508, -0.005484312347412547, 0.7507887477679294 ]
rectification_matrix:
   rows: 3
   cols: 3
   data: [ 1., 0., 0., 0., 1., 0., 0., 0., 1. ]
projection_matrix:
   rows: 3
   cols: 4
   data: [ 505.0590676001461, 0.0, 298.00492309887466, 0.0, 0.0, 505.4132151471707, 251.26893943667042, 0.0, 0.0, 0.0, 1.0, 0.0 ]

